000000000000000110000000000000000000000000
000000000000001110000000000000000000000000
000000000000011110000000000000000000000000
000000000000111111100000000000000000000000
000000000001111111100000000000000000000000
000000000001111111110000000000000000000000
000000011111111111111000000000000000000000
000011111111111111111100000000000000000000
001111111111111111111100000000000000000000
011111111111111111110000000000000000000000
111111111111111111111100000000000000000000
011111111111111111111111100000000000000111
000111111111111111111111111000000011111110
000011111111111111111111111111111111111100
000000111111111101110011111111111111111000
000000011001111100111001111111111111110000
000000011001111110110000111111111111000000
000000010000111100111000111111111000000000
000000000000111110010000111111110000000000
000000000000011100010000011111111000000000
000000000000001110000000011111110000000000
000000000000000010000000001111110000000000
000000000000000000000000001111100000000000
000000000000000000000000000111110000000000
000000000000000000000000000011110000000000
000000000000000000000000000001111100000000
000000000000000000000000000000011100000000