00000000000000000
00000011111000000
00001111111000000
00011111111000000
00011111111111000
00011111111100000
00111111111111000
00111111111111100
01111111111111100
01111111111111000
01111111111111000
00011111111110000
00001111111000000
00001111111100000
00011111111110000
00111111111111000
01111111111111100
01111111111111100
11111111111111110
11111111111111110
11111111111111110
11111111111111110
11111111111111110
01111111111111100
01111111111111100
00111111111111000
01111110011111100
01111100001111100
01111100001111100
00111100001111000
00111100001111000
11111100001111110
11111100001111110